/Users/wen/Desktop/dl_coding4/generation
{'ids': tensor([ 0,  1,  2,  3,  4,  5,  6,  7,  8,  9, 10, 11, 12, 13, 14, 15, 16, 17,
        18, 19, 20, 21, 22, 23, 24, 25, 26, 27, 28, 29, 30, 31, 32, 33, 34, 35,
        36, 37, 38, 39, 40, 41, 42, 43, 44, 45, 46, 47, 48, 49, 50, 51, 52, 53,
        54, 55, 56, 57, 58, 59, 60, 61, 62, 63], device='mps:0'),
        
 'lengths': tensor([ 8,  8,  8, 24,  8, 28,  8, 14,  8,  8,  8,  6,  8,  6,  8, 18, 16,  8,
        13, 15,  6,  4, 13,  8,  8, 16,  8,  8, 12,  8,  8, 13,  8,  8, 13,  8,
        14, 13, 18, 15, 13,  8,  5, 11,  8,  4,  6,  8,  6, 12,  8,  7, 13, 10,
         8, 21,  8,  6,  6,  8, 10,  8, 12, 13], device='mps:0'), 
'source': tensor([[  0,   5,   6,  ...,   1,   1,   1],
        [  0,  17,  18,  ...,   1,   1,   1],
        [  0,  31,  32,  ...,   1,   1,   1],
        ...,
        [  0, 132, 198,  ...,   1,   1,   1],
        [  0, 339, 642,  ...,   1,   1,   1],
        [  0, 646, 647,  ...,   1,   1,   1]], device='mps:0'),
 'prev_outputs': tensor([[  0,  11,  12,  ...,   1,   1,   1],
        [  0,  24,  25,  ...,   1,   1,   1],
        [  0,  38,  39,  ...,   1,   1,   1],
        ...,
        [  0, 125, 200,  ...,   1,   1,   1],
        [  0, 575, 125,  ...,   1,   1,   1],
        [  0, 652, 371,  ...,   1,   1,   1]], device='mps:0'),
 'target': tensor([[ 11,  12,  13,  ...,   1,   1,   1],
        [ 24,  25,  26,  ...,   1,   1,   1],
        [ 38,  39,  40,  ...,   1,   1,   1],
        ...,
        [125, 200,  28,  ...,   1,   1,   1],
        [575, 125,  55,  ...,   1,   1,   1],
        [652, 371, 523,  ...,   1,   1,   1]], device='mps:0')}
